00000000220000000000000000000000
00000000220000000000000000000000
02200000220000022000000000000000
02220000000000222000000000000000
00220022222200220000000000000000
00000222222220000000000000000000
00002220000222000000000000000000
00022200000022200000000000000000
00022000000002211111000000000000
22022000000111111111110000000000
22022000001111000001111000000000
00022000001100000000011000000000
00022201111100000000011100000000
00002211111000000000001100000000
00000111000000000000001111100000
00001110000000000000000111110000
00001100000000000000000000111000
00001100000000000000000000011100
00001100000000000000000000001100
00001100000000000000000000001100
00001100000000000000000000001100
00001110000000000000000000001100
00000111000000000000000000011100
00000011100000000000000000111000
00000001111111111111111111110000
00000000111111111111111111100000
00000000000000000000000000000000
00000000000000000000000000000000
00000000000000000000000000000000
00000000000000000000000000000000
00000000000000000000000000000000
00000000000000000000000000000000