00000000000000000000000000000000
00000000000000000000000000000000
00000000000000000000000000000000
00000000000000000000000000000000
00000000000000000000000000000000
00000000000000000000000000000000
00000000000000000000000000000000
00000000000000000000000000000000
00000000000011111110000000000000
00000000001111111111100000000000
00000000011110000011110000000000
00000000011000000000110000000000
00000000111000000000111110000000
00000000110000000000011111000000
00000111110000000000000011100000
00001111100000000000000001110000
00011100000000000000000000110000
00111000000000000000000000110000
00110000000000000000000000110000
00110000000000000000000000110000
00000000000000000000000000110000
00111111111111111111110001110000
00111111111111111111110011100000
00000000000000000000000111000000
11111111111111111111011110000000
11111111111111111111011100000000
00000000000000000000000000000000
00111111111111111111110000000000
00111111111111111111110000000000
00000000000000000000000000000000
00000000000000000000000000000000
00000000000000000000000000000000