00000000111100000000000000000000
00000000111111000000000000000000
00000000011111000000000000000000
00000000011011100000000000000000
00000000011001100000000000000000
00000000011001110000000000000000
00000000111000110000000000000000
00000001110000110000000000000000
11000011100001111111000000000000
11111111000111111111110000000000
11111110001111000001111000000000
01100000001100000000011000000000
01111001111100000000011100000000
00111111111000000000001100000000
00001111000000000000001111100000
00001110000000000000000111110000
00001100000000000000000000111000
00001100000000000000000000011100
00001100000000000000000000001100
00001100000000000000000000001100
00001100000000000000000000000000
00001110001111111111111111111100
00000111001111111111111111111100
00000011100000000000000000000000
00000001111011111111111111111111
00000000111011111111111111111111
00000000000000000000000000000000
00000000001111111111111111111100
00000000001111111111111111111100
00000000000000000000000000000000
00000000000000000000000000000000
00000000000000000000000000000000