00000000000000000000000000000000
00000000000000000000000000000000
00000000000000000000000000000000
00000000000000000000000000000000
00000000011111110000000000000000
00000001111111111100000000000000
00000011110000011110000000000000
00000011000000000000000000000000
00011111000001111111000000000000
00111110000111111111110000000000
01110000001111000001111000000000
11100000001100000000011000000000
11000001111100000000011100000000
11000011111000000000001100000000
11000111000000000000001111100000
11001110000000000000000111110000
11001100000000000000000000111000
11101100000000000000000000011100
01101100000000000000000000001100
00101100000000000000000000001100
00001100000000000000000000001100
00001110000000000000000000001100
00000111000000000000000000011100
00000011100000000000000000111000
00000001111111111111111111110000
00000000111111111111111111100000
00000000000000000000000000000000
00000000000000000000000000000000
00000000000000000000000000000000
00000000000000000000000000000000
00000000000000000000000000000000
00000000000000000000000000000000