00000000000000000000000000000000
00000000000000000000000000000000
00000000000000000000000000000000
00000000000000000000000000000000
00000000000000000000000000000000
00000000000000000000000000000000
00000000011111111111111000000000
00000000011111111111111000000000
00000000000000000000000000000000
00000001111111111111111111111100
00000001111111111111111111111100
00000000000000000000000000000000
00001111111111111111111110000000
00001111111111111111111100000000
00000000000000000000000000000000
00111111111111111111111111111100
00111111111111111111111111111100
00000000000000000000000000000000
00001111111111111111111110000000
00001111111111111111111111000000
00000000000000000000000000000000
00000000011111111111111000000000
00000000011111111111111000000000
00000000000000000000000000000000
00000000000000000000000000000000
00000000000000000000000000000000
00000000000000000000000000000000
00000000000000000000000000000000
00000000000000000000000000000000
00000000000000000000000000000000
00000000000000000000000000000000
00000000000000000000000000000000