00000000000000000000000000000000
00000000000000000000000000000000
00000000000001100000000000000000
00000000000111100000000000000000
00000000011111000000000000000000
00000000111111000000000000000000
00000001110110000000000000000000
00000011100110000000000000000000
00000111001110000000000000000000
00000110001100000000000000000000
00001110001100000000000000000000
00001100001100000000000000000000
00001100001100000000000000000000
00011100001110000000000000000000
00011000000110000000000000000000
00011000000111000000000000000000
00011000000011000000000000000000
00011000000011100000000000000000
00011100000001111000000000011000
00001100000000111110000111111000
00001110000000001111111111111000
00000110000000000011111100110000
00000111000000000000000001110000
00000011100000000000000011100000
00000001110000000000000111000000
00000000111100000000011110000000
00000000011111000011111100000000
00000000000111111111110000000000
00000000000001111110000000000000
00000000000000000000000000000000
00000000000000000000000000000000
00000000000000000000000000000000