00000000000000000000000000000000
00000000000000000000000000000000
00000000000000000000000000000000
00000000000000000000000000000000
00000000000000000000000000000000
00000000000000000000000000000000
00000000000000000000000000000000
00000000000000000000000000000000
00000000000011111110000000000000
00000000001111111111100000000000
00000000011110000011110000000000
00000000011000000000110000000000
00000000111000000000111110000000
00000000110000000000011111000000
00000111110000000000000011100000
00001111100000000000000001110000
00011100000000000000000000110000
00111000000000000000000000110000
00110000000000000000000000110000
00110000000000000000000000110000
00110000001100110011100000110000
00110000001100110011100001110000
00111000011101110011000011100000
00011100011001100111000111000000
00001110111011100110001110000000
00000100110011000111101100000000
00000001110111000001100000000000
00000001100110000011000000000000
00000001101110000011000000000000
00000000001100000010000000000000
00000000001100000010000000000000
00000000000000000000000000000000