00000000000000000000002200000000
00000000000000000000002200000000
00000000000000022000002200000220
00000000000000022200000000002220
00000000000000002200222222002200
00000000000000000002222222200000
00000000000000000022200002220000
00000000000000000222000000222000
00000000000011111220000000022000
00000000001111111111100000022022
00000000011110000011110000022022
00000000011000000000110000022000
00000000111000000000111110222000
00000000110000000000011111220000
00000111110000000000000011100000
00001111100000000000000001110000
00011100000000000000000000110000
00111000000000000000000000110000
00110000000000000000000000110000
00110000000000000000000000110000
00110000000001100110000000110000
00110000000001100110000001110000
00111000000011101110000011100000
00011100000011001100000111000000
00001111110011001101111110000000
00000111100000000001111100000000
00000000001100110000000000000000
00000000001100110000000000000000
00000000001101110000000000000000
00000000000001100000000000000000
00000000000001100000000000000000
00000000000000000000000000000000