00000000000000000000002200000000
00000000000000000000002200000000
00000000000000022000002200000220
00000000000000022200002200002220
00000000000000002200222222002200
00000000000000000222222222222000
00000000000000000022222222220000
00000000000000000222222222222000
00000000000011111222222222222000
00000000001111111111122222222222
00000000011110000011112222222222
00000000011000000000112222222000
00000000111000000000111112222000
00000000110000000000011111220000
00000111110000000000000011100000
00001111100000000000000001110000
00011100000000000000000000110000
00111000000000000000000000110000
00110000000000000000000000110000
00110000000000000000000000110000
00110000000001100110000000110000
00110000000001100110000001110000
00111000000011101110000011100000
00011100000011001100000111000000
00001111110111011101111110000000
00000111100110011001111100000000
00000000001110111000000000000000
00000000001100110000000000000000
00000000001101110000000000000000
00000000000001100000000000000000
00000000000001100000000000000000
00000000000000000000000000000000