00000000000000000000000000000000
00000000000000000000000000000000
00000000000000000000000000000000
00000000000000000000000000000000
00000000000000000000000000000000
00000000000000000000000000000000
00000000000000000000000000000000
00000000000000000000000000000000
00000000000001111111000000000000
00000000000111111111110000000000
00000000001111000001111000000000
00000000001100000000011000000000
00000001111100000000011100000000
00000011111000000000001100000000
00000111000000000000001111100000
00001110000000000000000111110000
00001100000000000000000000111000
00001100000000000000000000011100
00001100000000000000000000001100
00001100000000000000000000001100
00001100000001100110000000001100
00001110000001100110000000001100
00000111000001110111000000011100
00000011100000110011000000111000
00000001111110111011101111110000
00000000111110011001100111100000
00000000000000011101110000000000
00000000000000001100110000000000
00000000000000001110110000000000
00000000000000000110000000000000
00000000000000000110000000000000
00000000000000000000000000000000