00000000000000000000000000000000
00000000000000000000000000000000
00000000000000000000000000000000
00000000000000000000000000000000
00000000000000000000000000000000
00000000000000000000000000000000
00000000000000000000000000000000
00000000000000000000000000000000
00000000000011111110000000000000
00000000001111111111100000000000
00000000011110000011110000000000
00000000011000000000110000000000
00000000111000000000111110000000
00000000110000000000011111000000
00000111110000000000000011100000
00001111100000000000000001110000
00011100000000000000000000110000
00111000000000000000000000110000
00110000000000000000000000110000
00110000000000000000000000110000
00110000011001100110011000110000
00110000011001100110011001110000
00111000111011101110111011100000
00011100110011001100110011000000
00001101110111011101110110000000
00000001100110011001100100000000
00000011101110111011100000000000
00000011001100110011000000000000
00000011011101110011000000000000
00000000011001100000000000000000
00000000011001100000000000000000
00000000000000000000000000000000