00000000000000000000111100000000
00000000000000000011111100000000
00000000000000000011111000000000
00000000000000000111011000000000
00000000000000000110011000000000
00000000000000001110011000000000
00000000000000001100011100000000
00000000000000001100001110000000
00000000000011111110000111000011
00000000001111111111100011111111
00000000011110000011110001111111
00000000011000000000110000000110
00000000111000000000111110011110
00000000110000000000011111111100
00000111110000000000000011110000
00001111100000000000000001110000
00011100000000000000000000110000
00111000000000000000000000110000
00110000000000000000000000110000
00110000000000000000000000110000
00110000000001100110000000110000
00110000000001100110000001110000
00111000000011101110000011100000
00011100000011001100000111000000
00001111110111011101111110000000
00000111100110011001111100000000
00000000001110111000000000000000
00000000001100110000000000000000
00000000001101110000000000000000
00000000000001100000000000000000
00000000000001100000000000000000
00000000000000000000000000000000