00000000000000000000111100000000
00000000000000000011111100000000
00000000000000000011111000000000
00000000000000000111011000000000
00000000000000000110011000000000
00000000000000001110011000000000
00000000000000001100011100000000
00000000000000001100001110000000
00000000000011111110000111000011
00000000001111111111100011111111
00000000011110000011110001111111
00000000011000000000110000000110
00000000111000000000111110011110
00000000110000000000011111111100
00000111110000000000000011110000
00001111100000000000000001110000
00011100000000000000000000110000
00111000000000000000000000110000
00110000000000000000000000110000
00110000000000000000000000110000
00110000000000000000000000110000
00110000000000000000000001110000
00111000000000100000000011100000
00011100000001110000000111000000
00001111100011011000111110000000
00000111000001110000011100000000
00000000001000100010000000000000
00000000011100000111000000000000
00000000110110001101100000000000
00000000011100000111000000000000
00000000001000000010000000000000
00000000000000000000000000000000