00000000110000000000000000000000
00000000110000000000000000000000
01100000110000011000000000000000
01110000000000111000000000000000
00110011111100110000000000000000
00000111111110000000000000000000
00001110000111000000000000000000
00011100000011100000000000000000
00011000000001111111000000000000
11011000000111111111110000000000
11011000001111000001111000000000
00011000001100000000011000000000
00011101111100000000011100000000
00001111111000000000001100000000
00000111000000000000001111100000
00001110000000000000000111110000
00001100000000000000000000111000
00001100000000000000000000011100
00001100000000000000000000001100
00001100000000000000000000001100
00001100000000000000000000001100
00001110000000000000000000001100
00000111000000000100000000011100
00000011100000001110000000111000
00000001111100011011000111110000
00000000111000001110000011100000
00000000000001000100010000000000
00000000000011100000111000000000
00000000000110110001101100000000
00000000000011100000111000000000
00000000000001000000010000000000
00000000000000000000000000000000