00000000000000000000000000000000
00000000000000000000000000000000
00000000000000000000000000000000
00000000000000000000000000000000
00000000000000011000000000000000
00000000000000011000000000000000
00000000000000011000000000000000
00000000000000011000000000000000
00000000110000011000001100000000
00000000111000000000011100000000
00000000011001111110011000000000
00000000000011111111000000000000
00000000000111000011100000000000
00000000001110000001110000000000
00000000001100000000110000000000
00001111101100000000110111110000
00001111101100000000110111110000
00000000001100000000110000000000
00000000001110000001110000000000
00000000000111000011100000000000
00000000000011111111000000000000
00000000011001111110011000000000
00000000111000000000011100000000
00000000110000011000001100000000
00000000000000011000000000000000
00000000000000011000000000000000
00000000000000011000000000000000
00000000000000011000000000000000
00000000000000000000000000000000
00000000000000000000000000000000
00000000000000000000000000000000
00000000000000000000000000000000