00000000000000000000000000000000
00000000000000000000000000000000
00000000000000000000000000000000
00000000000000000000000000000000
00000000000000000000000000000000
00000000000000000000000000000000
00000000000000000000000000000000
00000000000000000000000000000000
00000000000000000000000000000000
00000000000000000000001100000000
00000000000000000000011110000000
00000000000000000000000110000000
00001111111111111111111110011000
00001111111111111111111100111100
00000000000000000000000000001100
00111111111111111111111111111100
00111111111111111111111111111000
00000000000000000000000000000000
00001111111111111111111110000000
00001111111111111111111111000000
00000000000000000000000011000000
00000000000000000000001111000000
00000000000000000000000110000000
00000000000000000000000000000000
00000000000000000000000000000000
00000000000000000000000000000000
00000000000000000000000000000000
00000000000000000000000000000000
00000000000000000000000000000000
00000000000000000000000000000000
00000000000000000000000000000000
00000000000000000000000000000000